size	counting sort	ordered?	radix sort	ordered?
32768	0.000391	1.000000	0.004135	1.000000
65536	0.000731	1.000000	0.008048	1.000000
131072	0.001511	1.000000	0.015914	1.000000
262144	0.003062	1.000000	0.032253	1.000000
524288	0.006187	1.000000	0.063542	1.000000
1048576	0.012434	1.000000	0.127312	1.000000
Scaling linearly
size	counting sort	ordered?	radix sort	ordered?	bucket sort	ordered?
32768	0.001303	1.000000	0.006347	1.000000	0.004602	1.000000
65536	0.001719	1.000000	0.012113	1.000000	0.007993	1.000000
131072	0.003475	1.000000	0.024440	1.000000	0.015910	1.000000
262144	0.007580	1.000000	0.047339	1.000000	0.034325	1.000000
524288	0.019321	1.000000	0.094940	1.000000	0.088347	1.000000
1048576	0.036947	1.000000	0.189580	1.000000	0.197463	1.000000
Scaling linearly
